$ANSIBLE_VAULT;1.1;AES256
65653333633465346264373663643062363265383439323061633338323166393262663332646534
3034646331313536623831616466653564396663636166650a643831383438613765323264386266
37383663326333636366653537383339636231313261323239663164393933366535623730313337
3230323166306336630a646239643135326335393364366534663535316334333531353431323331
62376464333830643539333764646534613935386263633634623962653537363139363265353864
34623031333535313930633964626438343432363366633263396466323830323035343333373763
31303962353238383666343834653539663536623561393966373763393535663038333833396433
61326137363133373861343732336335373037613134336362396563653563646364376438366363
61613437393364396332313833356138303835633739653937656631313737623762346235316164
30353961393663663635393630653535353064353031623962333038366638376333646130663263
35346637303534663639613537316538663134356166323566613333343236383631653563643433
65373533656236613631653665383039303564613830343530363130663462343665343865666637
61353766623634303537326163623564663433343835366463613837303361393538656365633365
64306532626533373561633066616336663439653734313832366333323461383065326166313635
38343261656638396235326266376531633662343235633336363361313266643166346433356539
38363833336562623631306432656531326465306535623164353035366339336663626161613364
39616539616532643935623939313834343964303035383334666261363336303034346439316663
65306530333965353766363336386564383932333234303334633438333839316362666533363330
34336232623333353366363232656461646236383061383634653137623661376639323162383162
38653230353662316366
