$ANSIBLE_VAULT;1.1;AES256
34303932643534376361383761383035383334393539376139666464303731653536663638306438
3430653232373833386164336531333966353363336263660a656237623334363862613232353936
34326537666538626335323538346432353763316438616264373236653133643536353031333565
3032663762323038370a396462313336616663306364636162653739353938633634346334616165
30313637616538343066356565323265653530663230323965323663653434353061383631303136
32613061303735646134346436333563636537356565353061303963333733636361303934393434
34613832303164613665633065363930373331623330643238393137343266333833316663346239
39336563643566316366323031623233376632333239386439656533396337323830643834313132
32643535336466663064393138303831356564623035353533623863393632616536323432356231
36323031353138346132616238356438313633326463616331653836393336626433373632643135
36653933376461376537363332323236613165363435633938646637303935613336663135326232
33613062303532636263646431363761616334383935396464306430333435633937653432666139
66653636616431303464326233333134303138343837666139316131333661366133366231613532
35613661386439303633383562656363363962633439653332623236343565383765313838653165
66363262633262396462623033646538653439353063626632333334396332373731643135643232
63356666623963666134333664363264306630346537353733333035653165363330663963363661
63636261316166346631363336666337613362623234646164653161643231613130313064306334
62373438353231383961633465346363386137666637366238323730316437373539323564383032
33326336643731376566633365626462623635643363306630373836643266653462386564316139
38326433383732613935656532333831613139666662636666666264323730616339376531333337
32333436356433346436376435303764666565373065323132653561393261366137623432316338
39366234333030363462343136353131333466353836386162336264376538373533363338363261
62396362396136663935613034636564333261636366363930326363666265383537636235666436
65353135333335343166333631326538323030333038323630323234383037636261626136343230
31613663353061313061343830623234306138346133373766393230653936333339663965353230
33353266313530663862626366336363386563636335353363366366393666353662663865656334
36643833336130333438643536323937643930386139393330333932353365613061336338383235
65663830353161323861666363346364613564383030376634613731393461636630656264313764
64613131613265623230666235303762666362383263363531663734353139343666346230363665
30303935306637623635653833353336613135623836353434326535396434653033363530396563
37366634616631336232616662626335366566356165663533363835376432326362666131303430
30316631653362653061396238383464643931343364353438633334343263303230366661353063
39373766636231643835643862386361656365653430623139343630623237323332306163333234
39636136623364316438343835346631386337356639653032373832626434396238323863646231
31636463643365633931323536363330663535643638663833336439626239643831323931613065
66663137656566316563376466363237666136353164373937306166356461346437666636656333
34373965333264303231623136316365636439336339356361306166376639613830316163306635
34666465333633373735643664663931323861656563386436633865326532303963353739303737
34333236613331366265643239353039613766653463633136376435313439646531623034613032
35396364373166336130323366316464623161646239373639386164366438373164343865643131
38313936643666656466326234636136626336386439646438313962386336353164333134616139
37343935356361653364613765343537653863306664323830306461616262336266383963653534
62616133336135363366393238313233383534333933373634383163653034383862396263383731
61376333613337626263313433643166363435343839353330646430613632333234386132666464
32313964643837363538653337323334363861626438363864346534613435376338343862336531
64343339643239663837646662313231613935353936623335396530623564346135623634633134
39343338303238313861643134666165343065646433613861643939653132343062316166346439
64653263353336303039633138656466333730623938343939633233353939353461616461343961
62303836613237643965313930633930373238313166656265336630653735386139333430326330
31626630363865636438656164333531323939386266623233313062396261633361386463613834
30363864636462313631646637333332663838376438323330663635363636613562346636366464
32316630363731643939373032336435646163663338616635636136363931383330313964316563
61383436666639366533373236656233316234303937393134393465313337393866636262643766
35343364316463363331653866306635373036343661333234306636343462353639393162336133
35356137386162626432663839323834313731633436346663663132373562616339323534316161
61626535613338663237346633393466656234353232636432616361663163393034653131373932
31323039613766626637663662613735366139616464623836303430303838383335396236623764
31663636346338383961613537383930316563313237343038633233636465613931633430623139
33623635373937316266663266303065363631653330623261316438373763393437313138636531
66323561393666376361336635313765646334626233373038343361623234303035363761363033
38306661393366373631303463303465356635376162306261313933363364313862366637326362
36356662656561643535376630653266326331643564396431306238663931313332323231633862
64663162613063363334383161323831363835623638623833646137306164303565383534623738
31613130633934393764663638616333336561666139313562646536326530613231613030346664
31663233346439303635643037626633363637356237633034653562366237333233386137316264
63376633373034643930376436336533303030323034353533346637613361623061643138636130
61303637663564623364363864323363373035376536353563393764363466373636666166313739
63623638303461353130663336383939356231393764353137666463626661353262323363343138
35363333333834336239303465653363643362336338353830383939313161653864376464323138
35353836663263343134383962626163336437346166373430613862353736363161313765353666
32613434666535313964373164373931336232393938613337356638396639356236353637396466
63363137663965356134613763326464396435623562623138623838343733346162313863373132
32363262353639623030626638643235613631623764633463336163396466383631303838353234
36336436386533613064326232303962333165653437333838316136333966343738633831623736
64303138343033393166653737396430646534633738643134373432343764373961323264346663
32383530623032626439316636386366623832333630353064626364326466613535383230366433
35393833393737386432353036396531633533323762616435343539356631303235663130636635
61333163306461626430633364653364653834363634363036396466326338396366356234323138
38633738666663396364353363343033663739613335663030336231303861303565323330646233
30316233343935623335303964356461343362303363656433383163383864373437353635356461
62353562313337313335323862323838376536363533366134366266623966353831663734386637
64646336643134303835363539326232633465393562363562386538376233376334666432613132
34666633653664643237666636306334616363373735663063363736646130653262383035363830
33333038613439373735336466666632306635663732363066313366313937343538323933373563
33323863633334303631383061636163363135323735303461376536653135393232626461376637
37396439646565656265656134316665346162656337333464306364646536663437333335326131
36356630313131663139303131623566616138346565633734626465643466303933353931663963
63366536313731636464306638386565643466643939316664333034633865623363346235326534
61346663653339623331636662393065663166373866643635346266613633343531343333303531
38383835373562623538633836396139346461393862323033383431376239656230643433333038
30363732333464343333636431396132343032646165623431326535376239393333666630643132
65333036643835326336376165383930386235356136333830396361313336643230396438666166
61346463346461643865383963633065313161646166626439333934653433356363383136353163
34643737306661323839633537366564336262316365633732636162633162316236393439353061
33333039613030343937393734383463396465333834363036353238616432613638386661386532
35336130643231353063643737643065363862333035643030343564626535663034386137666639
34333834303766306164393231326430643930633834376137383364616332663463653333636438
38313830643661343965333930613434626430356337393332353563326261393031373163333935
33326638616438393033663532643338633366613466656562336165623936313863633834313634
30353234306437373039323635363731323233666434326639313832346264663231653539376636
39616431313064666462346136623034393938323363616438333135636365373935393334626336
64366162346163643637663965623931343461313136613734666430383761303536383934616434
33386535346334653463626633333965363465343266303339343764636430333964303362656236
66393036306362656664376265316465363030323737336466663835373832363939306261623263
36643665303064363161383739343034613034616531653239326139393864376332383764633036
33366333326433333135626530303266623934336135616364303131356136643539626266326438
36363631666136303665326239626139616635656438323635666234663435396264346463386161
63343464623263663866363731646636353463383437326436663066373331353539373939643935
30666634306132343831313436636434323334313863326364363134613439353539333137666531
30346436633632626664343133636336323036313064303832376465623463626663613933663530
36633861666638386536346363393938323166663362333864353334316364366663373663613362
37633530333461386134373865333266366365363430666362336166663965313161313161653132
34333465306161613465656161616662613365643962383838646532346633623265366432666261
62613565323834313166323665366639353433623137333633653737353862306665303734326161
37343439623961633663633638636539393032326631333263353232633138353337316664613231
31363335386130643139363037336364636236313466363961636534633531616637663030336536
65623861373535306435376665623563663538366132626333613865643238663437313064366662
61353465653262316665383230366632653939343037353561323462616433626561343930666238
39353065633130336339343934623531633036303332383936643665613138323233306336663436
61336230666564386633636361383365616130373762323138363662336433356365663432626530
64303035653533356631343530313136333938333237623365613366383335303266613931306363
64643832326636306163343634616165366661303332656562663366663163376634363266626533
65323365653431613137303234623331393466333037376261376130656164303135643937313465
63623932613038366265326164613235333834643435346266646666636566336332613461626633
66373232663161633262346566333035356265636363303761633833646362303633323430313536
34326130373061383737376265646461356137636661616532373762616338626539346163343434
38656136636431356435616466346331623837663831313564356161383061373861313964613535
39383633333362303730323764326438343633653266626664343930323138373232346631353534
65613233646430646261386633306336613438343063613762643633386533636539363064643166
63613038313838393638386333366431316361353165643961336662303637323333333130643139
38373531353765633232653863316338303263663065316561363666386239396462653839363030
63643034643739616632313735633938306138323135653430333264363563386466636634313465
32376262313762333234643936336530666332366632376532356139643965663737316565346130
63666562386139643930613238303930623262356330353837613966313334333337306562373261
31623633643432656462366234646565346331336437303264643635623735393539366138623032
36616236373935623966653638333730333261313137366331623463333862656630646336343233
30363134353464323962333037336439623164626432303737633130323161633064636130313131
39353762323736663563363032306663646633663934656562643533306264666662336232356363
63353232313534386238383131326563326234356430376335333061386365376261323634313434
61633363366462613764626338653962393930383536316165646161303038616637616331363033
61323461343336646132373834633465643335613837663632366432316235366231616234633330
65316137666131643733366233313531663030623063386533633432353564656331343861663065
39626139303639633834623039666161363333313639353164396234626262393962366432343036
33333535653237396637656263616232653262383431396362383139323165363231616466323335
62386334353732613235313265636434373435306664376266303730313935633961646533373865
66626464323865643066643164333762306331623361646163386366343864393063393434386533
37393065343261323233633132313930616461646261363932646439333964653830653436373466
30346637623563393130313931666637633661636434636130353437376131303031386533393831
30653862646430363039653563373464336238613561666261356165336438316336623264356534
63616462383466646263333666313832366535376165313566306266303462346664373265616232
32383634643162613731656562333464346162666239306164383639663864363961366138333437
39303430613237373332316666393239666535643463623434313032303130353237393964343735
31346530303138636231313332393862623731366461663834616531646136386266393931356165
37303839346638356536653031343833373666323433393539333436343531656461646663383231
30616334653663333434356632306435656161396134353065383733316331633830646137656261
63346433333235363338613734373034356438353131666235663261316533636666306563333566
30333663616639336630633866653463613333383637666165663336316634656365626561376661
65336636333834366239303933333734646361353133303634363936386633626162313138363962
33313230623863396437343438326137643137663936653035623537656632353635643630323264
33306666643663366333366234373033636339663837366634633130346361373730306565303162
31333963393162393832373361373164656638623335303535633437653263303966353766643839
35333061343330326239316661646631316535636134396338366532343432373563613965383536
63383861646131623332353333306338653735333666623135333762633232306337303632333635
34346565666139333831363033353134666333383339333336383436336338613261303362326562
39613233623666346638326337663031323235383164306636663634333737376662366139383039
38666561613439633037303136656661303539366332303230666436633066616230306161653334
65373739313730396664633339366232383236313037373566373236623933653138643162343630
65323836366537646630346532656332613838666338306134623964363966363065623139343838
34306137633835663764646563646430326661646436396661643735353863613735386235376461
61356563626165323163383537376438386466666266393431613032306165646436346361646339
64623962623430326235633839326564306336343861343433333437323836346634656364636164
31336633303835366339613762633264336237323539623033646536376634376632636438656234
34643865623234323039613362666435363331333031393237326234396266376339613230353331
6239636437373539356230363735323936316433373337333134
