$ANSIBLE_VAULT;1.1;AES256
65313538653561386133353362323138616237656336383864623264356334316539333333353434
3264313565666639373231633433353864313261316532330a323463633262616661363932643231
39373833353934616435333837393838623836393437653462336131393639353162306530616530
6336623833313062660a393837316133303064366438323136653535663736373337323337393638
30623663666532633332616161623136333763623836396331373731346539333566386564396366
31643262336231373432326435336631366533643030333637383033303664326630643431363364
39386136623166616430343839313634393837326665663334346162653438396534663933306465
36336534363262616431633330383635393131366538386632313262306437623731316163646663
66303964306433313430366332366536323234303735363731306362323461333064346437653364
35653466323531633262366463613637323366666633383134383436353566376565393438313163
37636534363564656264323764386534393636393230363938616662333531656332393562333963
30376639653563383966303566353130353161613230396130666138323666636666663562333637
62633464363232303836313332613138333736663261353661393635623138626434393634323131
62613662613861313463313030373533393733313430636666663732303964643234356562303433
38313136663464613930336632346234653833623538666366313861386461316461386363643565
66313165383938393232396365653239306637373032313266343663663930663265643339363936
61303865653436326332623333373437306361353565313532633334666330616339303061373963
61353433653962333266623063336533313566663237373139666638663664313432633861633963
31306534373934363735646636616363373437346665326631316135656366623562646565366232
31393536366363393064306630383164666163396466376562663131383431613638646130633761
30356362666132626265336637656565346632613664643166393565353063386334306562326235
38653436353663636262353939616461326633626461356430643037613263636662353932623032
61613234613439363064643439656433663432303431393234333366623662353832626132623136
66663565623966303039326264383562333934313339343361323437303265623433633363623664
3938
